M: [0, 4, 7]
m: [0, 3, 7]
dim: [0, 3, 6]
aug: [0, 4, 8]
sus2: [0, 2, 7]
sus4: [0, 5, 7]
quartal: [0, 5, 10]

M7: [0, 4, 7, 11]
m7: [0, 3, 7, 10]
7: [0, 4, 7, 10]
dim7: [0, 3, 6, 9]
aug7: [0, 4, 8, 10]
7sus2: [0, 2, 7, 10]
7sus4: [0, 5, 7, 10]
mM7: [0, 3, 7, 11]
ø7: [0, 3, 6, 10]
quartal7: [0, 5, 10, 15]

6: [0, 4, 7, 9]
6/7: [0, 4, 7, 9, 10]
6/9: [0, 4, 7, 9, 14]
m6: [0, 3, 7, 9]
m6/7: [0, 3, 7, 9, 10]
M9: [0, 4, 7, 11, 14]
m9: [0, 3, 7, 10, 14]
9: [0, 4, 7, 10, 14]
mM9: [0, 3, 7, 11, 14]
9sus4: [0, 5, 7, 10, 14]
m11: [0, 3, 7, 10, 14, 17]
11: [0, 4, 7, 10, 14, 17]
11♯: [0, 4, 7, 10, 14, 18]
M13: [0, 4, 7, 11, 14, 17, 21]
m13: [0, 3, 7, 10, 14, 17, 21]
13: [0, 4, 7, 10, 14, 17, 21]
mM13: [0, 3, 7, 11, 14, 17, 21]

M7♭5: [0, 4, 6, 11]
M7♯5: [0, 4, 8, 11]
M7♭9: [0, 4, 7, 11, 13]
M7♯11: [0, 4, 7, 11, 18]
m7♭5: [0, 3, 6, 10]
m7♭9: [0, 3, 7, 10, 13]
m7♭9♭5: [0, 3, 6, 10, 13]
7♭5: [0, 4, 6, 10]
7♯5: [0, 4, 8, 10]
7sus4♭9: [0, 5, 7, 10, 13]
7♭9: [0, 4, 7, 10, 13]
7♭9♭5: [0, 4, 6, 10, 13]
7♭9♯5: [0, 4, 8, 10, 13]
7♭9♯9: [0, 4, 7, 10, 13, 15]
7♯9: [0, 4, 7, 10, 15]
7♯9♯5: [0, 4, 8, 10, 15]
7♯11: [0, 4, 7, 10, 18]
7(13): [0, 4, 7, 10, 14, 17, 21]
7♭13: [0, 4, 7, 10, 14, 17, 20]
7alt: [0, 4, 6, 10, 13]

M9♭5: [0, 4, 6, 11, 14]
m9♭5: [0, 3, 6, 10, 14]
9♯5: [0, 4, 8, 10, 14]
9♭5: [0, 4, 6, 10, 14]
9♯11: [0, 4, 7, 10, 14, 18]
13♯11: [0, 4, 7, 10, 14, 18, 21]

add2: [0, 2, 4, 7]
add9: [0, 4, 7, 14]
add11: [0, 4, 7, 17]
m(add2): [0, 2, 3, 7]
m(add9): [0, 3, 7, 14]
m(add11): [0, 3, 7, 17]